<html>
<head><meta charset="utf-8" /></head>
<body>
<div>
    <script src="https://cdnjs.cloudflare.com/ajax/libs/mathjax/2.7.5/MathJax.js?config=TeX-AMS-MML_SVG"></script>
    <script type="text/javascript">
window.PlotlyConfig = {MathJaxConfig: 'local'};
</script>
<script src="https://cdn.plot.ly/plotly-2.3.0.min.js"></script>

    <div
        id=0e8c4d41-2f1c-4050-b4c0-e3ce92062a6f
        class="plotly-graph-div"
        style="height:100%; width:100%;">
    </div>
    <script type="text/javascript">
        
        window.PLOTLYENV = window.PLOTLYENV || {}
        
        if (document.getElementById('0e8c4d41-2f1c-4050-b4c0-e3ce92062a6f')) {
    Plotly.newPlot(
        '0e8c4d41-2f1c-4050-b4c0-e3ce92062a6f',
        [{"xaxis":"x","y":["BE","DE","DK","FI","NL","NO","SE","UK"],"type":"heatmap","colorscale":"Viridis","yaxis":"y","z":[[1.0,0.08951149317559481,0.09457420510259949,0.04035871865118603,0.12260955841167784,0.09724536900542319,0.10014603628343688,0.13300996227482317],[0.08951149317559481,1.0,0.7662966344572066,0.13277320425530867,0.7341472627106315,0.14436292030708592,0.6868815042939656,0.6036690436424709],[0.09457420510259949,0.7662966344572066,1.0,0.16710423222820917,0.38061961543378914,0.17542885759565058,0.9645740564852663,0.3936796809356148],[0.04035871865118603,0.13277320425530867,0.16710423222820917,1.0,0.012531030348273377,0.07451588333741298,0.1609446815748002,0.04401969973798927],[0.12260955841167784,0.7341472627106315,0.38061961543378914,0.012531030348273377,1.0,0.12593793517965618,0.3251002789507387,0.7386263851484551],[0.09724536900542319,0.14436292030708592,0.17542885759565058,0.07451588333741298,0.12593793517965618,1.0,0.190566222029249,0.2425007201944186],[0.10014603628343688,0.6868815042939656,0.9645740564852663,0.1609446815748002,0.3251002789507387,0.190566222029249,1.0,0.35009759025498005],[0.13300996227482317,0.6036690436424709,0.3936796809356148,0.04401969973798927,0.7386263851484551,0.2425007201944186,0.35009759025498005,1.0]],"transpose":true,"x":["BE","DE","DK","FI","NL","NO","SE","UK"]},{"xaxis":"x2","y":["BE","DE","DK","FI","NL","NO","SE","UK"],"type":"heatmap","colorscale":"Viridis","yaxis":"y2","z":[[1.0,0.06321243538152399,0.42133325356456824,0.11295526916052792,0.9197905089944683,0.20435155696462468,0.2064282248596838,0.6867689391309565],[0.06321243538152399,1.0,0.10458258213296251,0.10965075864465586,0.0323540082033414,0.14065293040662658,0.1439640751374973,0.04449668360411913],[0.42133325356456824,0.10458258213296251,1.0,0.3392030413044822,0.5623111505780156,0.49186425762645375,0.7374474109472255,0.4366600923576481],[0.11295526916052792,0.10965075864465586,0.3392030413044822,1.0,0.14526722106462936,0.5360353360060726,0.6588228164793871,0.22153916429982973],[0.9197905089944683,0.0323540082033414,0.5623111505780156,0.14526722106462936,1.0,0.22906161155604807,0.28775071229361154,0.6928362968716368],[0.20435155696462468,0.14065293040662658,0.49186425762645375,0.5360353360060726,0.22906161155604807,1.0,0.6178345911622303,0.3384827243706753],[0.2064282248596838,0.1439640751374973,0.7374474109472255,0.6588228164793871,0.28775071229361154,0.6178345911622303,1.0,0.2734054251772472],[0.6867689391309565,0.04449668360411913,0.4366600923576481,0.22153916429982973,0.6928362968716368,0.3384827243706753,0.2734054251772472,1.0]],"transpose":true,"x":["BE","DE","DK","FI","NL","NO","SE","UK"]},{"xaxis":"x3","y":["BE","DE","DK","FI","NL","NO","SE","UK"],"type":"heatmap","colorscale":"Viridis","yaxis":"y3","z":[[1.0,0.9075464507733076,0.8429106547395064,0.7502228753106793,0.9029334464828376,0.719393651382517,0.7992607610597943,0.8862625829245733],[0.9075464507733076,1.0,0.8075846608684143,0.6095994062677721,0.9295249643593767,0.5387270792360036,0.6501442042246249,0.805525352419894],[0.8429106547395064,0.8075846608684143,1.0,0.7610325875951512,0.8458818083350846,0.7349198450038329,0.8039115899642495,0.8040881005484137],[0.7502228753106793,0.6095994062677721,0.7610325875951512,1.0,0.6089279546299428,0.9403954323535374,0.9554549957827433,0.7258451091172667],[0.9029334464828376,0.9295249643593767,0.8458818083350846,0.6089279546299428,1.0,0.5736241803872913,0.6782288537238972,0.8959232723372491],[0.719393651382517,0.5387270792360036,0.7349198450038329,0.9403954323535374,0.5736241803872913,1.0,0.9698619685196244,0.7264294868922045],[0.7992607610597943,0.6501442042246249,0.8039115899642495,0.9554549957827433,0.6782288537238972,0.9698619685196244,1.0,0.7945643615106537],[0.8862625829245733,0.805525352419894,0.8040881005484137,0.7258451091172667,0.8959232723372491,0.7264294868922045,0.7945643615106537,1.0]],"transpose":true,"x":["BE","DE","DK","FI","NL","NO","SE","UK"]},{"xaxis":"x4","y":["BE","DE","DK","FI","NL","NO","SE","UK"],"type":"heatmap","colorscale":"Viridis","yaxis":"y4","z":[[1.0,0.9244714107222304,0.8699171987280466,0.7600972255197338,0.961497276969253,0.8552285074289043,0.859314211882254,0.9079628088307868],[0.9244714107222304,1.0,0.9175614776453332,0.8318710520253649,0.9337920229664572,0.8876482200731601,0.9065363436141151,0.8804903763876191],[0.8699171987280466,0.9175614776453332,1.0,0.855798049074327,0.9010530273175182,0.9084026773339595,0.9333775197181721,0.8687751369500719],[0.7600972255197338,0.8318710520253649,0.855798049074327,1.0,0.7885244142650377,0.8590829108590692,0.91667171598185,0.7723404128366534],[0.961497276969253,0.9337920229664572,0.9010530273175182,0.7885244142650377,1.0,0.8643526055190138,0.8722085287017611,0.8963149852521415],[0.8552285074289043,0.8876482200731601,0.9084026773339595,0.8590829108590692,0.8643526055190138,1.0,0.9540783314295789,0.8668267653412249],[0.859314211882254,0.9065363436141151,0.9333775197181721,0.91667171598185,0.8722085287017611,0.9540783314295789,1.0,0.8695527998233425],[0.9079628088307868,0.8804903763876191,0.8687751369500719,0.7723404128366534,0.8963149852521415,0.8668267653412249,0.8695527998233425,1.0]],"transpose":true,"x":["BE","DE","DK","FI","NL","NO","SE","UK"]}],
        {"xaxis":{"showgrid":false,"showline":true,"showticklabels":true,"tickfont":{"color":"white"},"font":{"color":"white","size":32},"domain":[0.0,0.45],"linewidth":2,"mirror":true,"anchor":"y"},"paper_bgcolor":"rgb(0,35,74)","template":{"layout":{"coloraxis":{"colorbar":{"ticks":"","outlinewidth":0}},"xaxis":{"gridcolor":"white","zerolinewidth":2,"title":{"standoff":15},"ticks":"","zerolinecolor":"white","automargin":true,"linecolor":"white"},"hovermode":"closest","paper_bgcolor":"white","geo":{"showlakes":true,"showland":true,"landcolor":"#E5ECF6","bgcolor":"white","subunitcolor":"white","lakecolor":"white"},"colorscale":{"sequential":[[0.0,"#0d0887"],[0.1111111111111111,"#46039f"],[0.2222222222222222,"#7201a8"],[0.3333333333333333,"#9c179e"],[0.4444444444444444,"#bd3786"],[0.5555555555555556,"#d8576b"],[0.6666666666666666,"#ed7953"],[0.7777777777777778,"#fb9f3a"],[0.8888888888888888,"#fdca26"],[1.0,"#f0f921"]],"diverging":[[0,"#8e0152"],[0.1,"#c51b7d"],[0.2,"#de77ae"],[0.3,"#f1b6da"],[0.4,"#fde0ef"],[0.5,"#f7f7f7"],[0.6,"#e6f5d0"],[0.7,"#b8e186"],[0.8,"#7fbc41"],[0.9,"#4d9221"],[1,"#276419"]],"sequentialminus":[[0.0,"#0d0887"],[0.1111111111111111,"#46039f"],[0.2222222222222222,"#7201a8"],[0.3333333333333333,"#9c179e"],[0.4444444444444444,"#bd3786"],[0.5555555555555556,"#d8576b"],[0.6666666666666666,"#ed7953"],[0.7777777777777778,"#fb9f3a"],[0.8888888888888888,"#fdca26"],[1.0,"#f0f921"]]},"yaxis":{"gridcolor":"white","zerolinewidth":2,"title":{"standoff":15},"ticks":"","zerolinecolor":"white","automargin":true,"linecolor":"white"},"shapedefaults":{"line":{"color":"#2a3f5f"}},"hoverlabel":{"align":"left"},"mapbox":{"style":"light"},"polar":{"angularaxis":{"gridcolor":"white","ticks":"","linecolor":"white"},"bgcolor":"#E5ECF6","radialaxis":{"gridcolor":"white","ticks":"","linecolor":"white"}},"autotypenumbers":"strict","font":{"color":"#2a3f5f"},"ternary":{"baxis":{"gridcolor":"white","ticks":"","linecolor":"white"},"bgcolor":"#E5ECF6","caxis":{"gridcolor":"white","ticks":"","linecolor":"white"},"aaxis":{"gridcolor":"white","ticks":"","linecolor":"white"}},"annotationdefaults":{"arrowhead":0,"arrowwidth":1,"arrowcolor":"#2a3f5f"},"plot_bgcolor":"#E5ECF6","title":{"x":0.05},"scene":{"xaxis":{"gridcolor":"white","gridwidth":2,"backgroundcolor":"#E5ECF6","ticks":"","showbackground":true,"zerolinecolor":"white","linecolor":"white"},"zaxis":{"gridcolor":"white","gridwidth":2,"backgroundcolor":"#E5ECF6","ticks":"","showbackground":true,"zerolinecolor":"white","linecolor":"white"},"yaxis":{"gridcolor":"white","gridwidth":2,"backgroundcolor":"#E5ECF6","ticks":"","showbackground":true,"zerolinecolor":"white","linecolor":"white"}},"colorway":["#636efa","#EF553B","#00cc96","#ab63fa","#FFA15A","#19d3f3","#FF6692","#B6E880","#FF97FF","#FECB52"]},"data":{"barpolar":[{"type":"barpolar","marker":{"line":{"color":"#E5ECF6","width":0.5}}}],"carpet":[{"aaxis":{"gridcolor":"white","endlinecolor":"#2a3f5f","minorgridcolor":"white","startlinecolor":"#2a3f5f","linecolor":"white"},"type":"carpet","baxis":{"gridcolor":"white","endlinecolor":"#2a3f5f","minorgridcolor":"white","startlinecolor":"#2a3f5f","linecolor":"white"}}],"scatterpolar":[{"type":"scatterpolar","marker":{"colorbar":{"ticks":"","outlinewidth":0}}}],"parcoords":[{"line":{"colorbar":{"ticks":"","outlinewidth":0}},"type":"parcoords"}],"scatter":[{"type":"scatter","marker":{"colorbar":{"ticks":"","outlinewidth":0}}}],"histogram2dcontour":[{"colorbar":{"ticks":"","outlinewidth":0},"type":"histogram2dcontour","colorscale":[[0.0,"#0d0887"],[0.1111111111111111,"#46039f"],[0.2222222222222222,"#7201a8"],[0.3333333333333333,"#9c179e"],[0.4444444444444444,"#bd3786"],[0.5555555555555556,"#d8576b"],[0.6666666666666666,"#ed7953"],[0.7777777777777778,"#fb9f3a"],[0.8888888888888888,"#fdca26"],[1.0,"#f0f921"]]}],"contour":[{"colorbar":{"ticks":"","outlinewidth":0},"type":"contour","colorscale":[[0.0,"#0d0887"],[0.1111111111111111,"#46039f"],[0.2222222222222222,"#7201a8"],[0.3333333333333333,"#9c179e"],[0.4444444444444444,"#bd3786"],[0.5555555555555556,"#d8576b"],[0.6666666666666666,"#ed7953"],[0.7777777777777778,"#fb9f3a"],[0.8888888888888888,"#fdca26"],[1.0,"#f0f921"]]}],"scattercarpet":[{"type":"scattercarpet","marker":{"colorbar":{"ticks":"","outlinewidth":0}}}],"mesh3d":[{"colorbar":{"ticks":"","outlinewidth":0},"type":"mesh3d"}],"surface":[{"colorbar":{"ticks":"","outlinewidth":0},"type":"surface","colorscale":[[0.0,"#0d0887"],[0.1111111111111111,"#46039f"],[0.2222222222222222,"#7201a8"],[0.3333333333333333,"#9c179e"],[0.4444444444444444,"#bd3786"],[0.5555555555555556,"#d8576b"],[0.6666666666666666,"#ed7953"],[0.7777777777777778,"#fb9f3a"],[0.8888888888888888,"#fdca26"],[1.0,"#f0f921"]]}],"scattermapbox":[{"type":"scattermapbox","marker":{"colorbar":{"ticks":"","outlinewidth":0}}}],"scattergeo":[{"type":"scattergeo","marker":{"colorbar":{"ticks":"","outlinewidth":0}}}],"histogram":[{"type":"histogram","marker":{"colorbar":{"ticks":"","outlinewidth":0}}}],"pie":[{"type":"pie","automargin":true}],"choropleth":[{"colorbar":{"ticks":"","outlinewidth":0},"type":"choropleth"}],"heatmapgl":[{"colorbar":{"ticks":"","outlinewidth":0},"type":"heatmapgl","colorscale":[[0.0,"#0d0887"],[0.1111111111111111,"#46039f"],[0.2222222222222222,"#7201a8"],[0.3333333333333333,"#9c179e"],[0.4444444444444444,"#bd3786"],[0.5555555555555556,"#d8576b"],[0.6666666666666666,"#ed7953"],[0.7777777777777778,"#fb9f3a"],[0.8888888888888888,"#fdca26"],[1.0,"#f0f921"]]}],"bar":[{"type":"bar","error_y":{"color":"#2a3f5f"},"error_x":{"color":"#2a3f5f"},"marker":{"line":{"color":"#E5ECF6","width":0.5}}}],"heatmap":[{"colorbar":{"ticks":"","outlinewidth":0},"type":"heatmap","colorscale":[[0.0,"#0d0887"],[0.1111111111111111,"#46039f"],[0.2222222222222222,"#7201a8"],[0.3333333333333333,"#9c179e"],[0.4444444444444444,"#bd3786"],[0.5555555555555556,"#d8576b"],[0.6666666666666666,"#ed7953"],[0.7777777777777778,"#fb9f3a"],[0.8888888888888888,"#fdca26"],[1.0,"#f0f921"]]}],"contourcarpet":[{"colorbar":{"ticks":"","outlinewidth":0},"type":"contourcarpet"}],"table":[{"type":"table","header":{"line":{"color":"white"},"fill":{"color":"#C8D4E3"}},"cells":{"line":{"color":"white"},"fill":{"color":"#EBF0F8"}}}],"scatter3d":[{"line":{"colorbar":{"ticks":"","outlinewidth":0}},"type":"scatter3d","marker":{"colorbar":{"ticks":"","outlinewidth":0}}}],"scattergl":[{"type":"scattergl","marker":{"colorbar":{"ticks":"","outlinewidth":0}}}],"histogram2d":[{"colorbar":{"ticks":"","outlinewidth":0},"type":"histogram2d","colorscale":[[0.0,"#0d0887"],[0.1111111111111111,"#46039f"],[0.2222222222222222,"#7201a8"],[0.3333333333333333,"#9c179e"],[0.4444444444444444,"#bd3786"],[0.5555555555555556,"#d8576b"],[0.6666666666666666,"#ed7953"],[0.7777777777777778,"#fb9f3a"],[0.8888888888888888,"#fdca26"],[1.0,"#f0f921"]]}],"scatterternary":[{"type":"scatterternary","marker":{"colorbar":{"ticks":"","outlinewidth":0}}}],"scatterpolargl":[{"type":"scatterpolargl","marker":{"colorbar":{"ticks":"","outlinewidth":0}}}]}},"yaxis4":{"domain":[0.0,0.375],"anchor":"x4"},"yaxis3":{"domain":[0.0,0.375],"anchor":"x3"},"yaxis":{"showgrid":false,"showline":true,"showticklabels":true,"tickfont":{"color":"white"},"font":{"color":"white","size":32},"domain":[0.625,1.0],"linewidth":2,"mirror":true,"anchor":"x"},"yaxis2":{"domain":[0.625,1.0],"anchor":"x2"},"xaxis3":{"domain":[0.0,0.45],"anchor":"y3"},"legend":{"traceorder":"normal"},"borderwidth":1,"xaxis4":{"domain":[0.55,1.0],"anchor":"y4"},"xaxis2":{"domain":[0.55,1.0],"anchor":"y2"},"annotations":[{"yanchor":"bottom","xanchor":"center","y":1.0,"font":{"size":16},"yref":"paper","showarrow":false,"text":"Wind Offshore","xref":"paper","x":0.225},{"yanchor":"bottom","xanchor":"center","y":1.0,"font":{"size":16},"yref":"paper","showarrow":false,"text":"Wind Onshore","xref":"paper","x":0.775},{"yanchor":"bottom","xanchor":"center","y":0.375,"font":{"size":16},"yref":"paper","showarrow":false,"text":"Load","xref":"paper","x":0.225},{"yanchor":"bottom","xanchor":"center","y":0.375,"font":{"size":16},"yref":"paper","showarrow":false,"text":"PV","xref":"paper","x":0.775}],"font":{"color":"white","family":"Calibri","size":32},"margin":{"l":50,"b":50,"r":50,"t":60},"plot_bgcolor":"white"},
        {"editable":false,"responsive":true,"staticPlot":false,"scrollZoom":true},
    )
}

        
    </script>
</div>

</body>
</html>